11
-23.591397 -46.605158
-22.752838 -47.116400
-23.596842 -47.829474
-20.920363 -47.905997
-23.126233 -45.572667
-20.739660 -49.594625
-22.358509 -48.888995
-21.828093 -48.099949
-22.490669 -50.067661
-21.971171 -51.479216
-21.139304 -50.603120
0.000000 21681.302100 8052.335735 893.620779 7063.520974 179.438653 839.598417 833.105890 219.831593 39.483579 51.105149
21681.302100 0.000000 2621.650673 793.968377 1367.735694 152.530867 595.519486 727.800083 136.536453 25.435559 39.113614
8052.335735 2621.650673 0.000000 161.197175 293.278992 52.228551 298.003669 187.665820 94.480959 17.094935 18.608468
893.620779 793.968377 161.197175 0.000000 83.103319 287.455337 214.235654 404.834118 61.861509 18.680658 48.190074
7063.520974 1367.735694 293.278992 83.103319 0.000000 12.024906 42.060444 57.139145 9.799223 1.803566 2.819295
179.438653 152.530867 52.228551 287.455337 12.024906 0.000000 131.008004 101.813107 90.748771 53.385233 164.555754
839.598417 595.519486 298.003669 214.235654 42.060444 131.008004 0.000000 225.520595 168.915219 32.916806 46.777269
833.105890 727.800083 187.665820 404.834118 57.139145 101.813107 225.520595 0.000000 52.699154 11.903338 23.225918
219.831593 136.536453 94.480959 61.861509 9.799223 90.748771 168.915219 52.699154 0.000000 75.966400 64.846637
39.483579 25.435559 17.094935 18.680658 1.803566 53.385233 32.916806 11.903338 75.966400 0.000000 75.518302
51.105149 39.113614 18.608468 48.190074 2.819295 164.555754 46.777269 23.225918 64.846637 75.518302 0.000000
0.523176 2.374678 1.211697 1.512172 2.001271 2.915659 1.228679 1.884795 1.870544 2.559784 2.229440
2.760140 0.941943 2.443011 3.647264 2.019793 1.813600 2.833522 3.600844 1.707846 4.733555 4.262579
1.150086 1.830189 0.592656 1.631807 1.269981 2.092213 1.644167 1.565494 1.670688 2.538674 2.096872
1.191180 2.641090 1.433012 0.379145 2.092019 2.951240 1.614384 1.048005 2.293002 1.299100 0.980796
2.408112 1.998519 1.717584 3.062654 0.817008 1.970793 2.908872 2.735292 2.298423 4.256594 3.583024
4.837325 2.593457 4.031730 5.940918 2.868133 1.269939 5.234154 5.517283 3.706936 7.607097 6.699065
1.320192 2.400443 1.845212 2.027179 2.415540 3.048555 0.695874 2.501943 1.767448 2.779782 2.672159
1.576163 2.714617 1.440835 1.113504 1.931759 2.833789 2.150731 0.424487 2.546735 1.794271 1.147874
2.063989 1.577560 2.050432 2.907139 2.088703 2.310030 1.947020 3.059890 0.908970 3.802757 3.505949
2.052889 3.554393 2.354971 1.298890 3.006468 3.874518 2.314835 1.709603 3.154942 0.376787 1.039166
1.754446 3.123023 1.878379 0.959132 2.459727 3.335112 2.184997 1.059202 2.835451 1.018021 0.360489
0.523176 2.374678 1.211697 1.512172 2.001271 2.915659 1.228679 1.884795 1.870544 2.559784 2.229440
2.760140 0.941943 2.443011 3.647264 2.019793 1.813600 2.833522 3.600844 1.707846 4.733555 4.262579
1.150086 1.830189 0.592656 1.631807 1.269981 2.092213 1.644167 1.565494 1.670688 2.538674 2.096872
1.191180 2.641090 1.433012 0.379145 2.092019 2.951240 1.614384 1.048005 2.293002 1.299100 0.980796
2.408112 1.998519 1.717584 3.062654 0.817008 1.970793 2.908872 2.735292 2.298423 4.256594 3.583024
4.837325 2.593457 4.031730 5.940918 2.868133 1.269939 5.234154 5.517283 3.706936 7.607097 6.699065
1.320192 2.400443 1.845212 2.027179 2.415540 3.048555 0.695874 2.501943 1.767448 2.779782 2.672159
1.576163 2.714617 1.440835 1.113504 1.931759 2.833789 2.150731 0.424487 2.546735 1.794271 1.147874
2.063989 1.577560 2.050432 2.907139 2.088703 2.310030 1.947020 3.059890 0.908970 3.802757 3.505949
2.052889 3.554393 2.354971 1.298890 3.006468 3.874518 2.314835 1.709603 3.154942 0.376787 1.039166
1.754446 3.123023 1.878379 0.959132 2.459727 3.335112 2.184997 1.059202 2.835451 1.018021 0.360489
0.000000 2700.834044 1004.363652 1442.673656 2156.135273 3489.977635 1029.135183 1986.228683 1965.440359 2970.853374 2488.971975
540.166809 0.000000 445.951212 803.721554 320.217585 258.959960 561.967565 789.930611 227.541614 1126.446863 986.525155
803.490922 1783.804848 0.000000 1497.853226 976.310664 2161.491003 1515.669261 1402.269043 1553.897096 2805.028533 2168.207691
12695.528174 35363.748377 16476.385485 0.000000 26779.443147 40212.690004 19311.991200 10457.106809 29921.651993 14382.776647 9406.343933
862.454109 640.435170 488.155332 1217.247416 0.000000 625.406201 1133.889816 1039.801325 802.997757 1864.419927 1499.312431
697.995527 258.959960 540.372751 913.924773 312.703100 0.000000 775.639177 831.036256 476.823400 1239.929779 1062.263970
1029.135183 2809.837825 1894.586576 2194.544455 2834.724541 3878.195883 0.000000 2977.151240 1766.399739 3435.146200 3257.739259
7547.668995 15008.681607 6660.777954 4515.568849 9878.112584 15789.688862 11313.174711 0.000000 13908.444064 8977.064601 4740.812396
786.176143 455.083228 776.948548 1360.075091 802.997757 953.646800 706.559896 1464.046744 0.000000 1969.686994 1767.661599
8318.389448 15770.256089 9817.599867 4576.338024 13050.939491 17359.016911 9618.409359 6614.679180 13787.808960 0.000000 3287.345756
30863.252496 61164.559628 33607.219213 13254.393724 46478.685360 65860.366132 40395.966817 15470.019397 54797.509579 14558.245490 0.000000
0.000000 2700.834044 1004.363652 1442.673656 2156.135273 3489.977635 1029.135183 1986.228683 1965.440359 2970.853374 2488.971975
540.166809 0.000000 445.951212 803.721554 320.217585 258.959960 561.967565 789.930611 227.541614 1126.446863 986.525155
803.490922 1783.804848 0.000000 1497.853226 976.310664 2161.491003 1515.669261 1402.269043 1553.897096 2805.028533 2168.207691
12695.528174 35363.748377 16476.385485 0.000000 26779.443147 40212.690004 19311.991200 10457.106809 29921.651993 14382.776647 9406.343933
862.454109 640.435170 488.155332 1217.247416 0.000000 625.406201 1133.889816 1039.801325 802.997757 1864.419927 1499.312431
697.995527 258.959960 540.372751 913.924773 312.703100 0.000000 775.639177 831.036256 476.823400 1239.929779 1062.263970
1029.135183 2809.837825 1894.586576 2194.544455 2834.724541 3878.195883 0.000000 2977.151240 1766.399739 3435.146200 3257.739259
7547.668995 15008.681607 6660.777954 4515.568849 9878.112584 15789.688862 11313.174711 0.000000 13908.444064 8977.064601 4740.812396
786.176143 455.083228 776.948548 1360.075091 802.997757 953.646800 706.559896 1464.046744 0.000000 1969.686994 1767.661599
8318.389448 15770.256089 9817.599867 4576.338024 13050.939491 17359.016911 9618.409359 6614.679180 13787.808960 0.000000 3287.345756
30863.252496 61164.559628 33607.219213 13254.393724 46478.685360 65860.366132 40395.966817 15470.019397 54797.509579 14558.245490 0.000000
763.171197 763.171197 763.171197 763.171197 763.171197 763.171197 763.171197 763.171197 763.171197 763.171197 763.171197
279.840950 279.840950 279.840950 279.840950 279.840950 279.840950 279.840950 279.840950 279.840950 279.840950 279.840950
854.265611 854.265611 854.265611 854.265611 854.265611 854.265611 854.265611 854.265611 854.265611 854.265611 854.265611
5927.635807 5927.635807 5927.635807 5927.635807 5927.635807 5927.635807 5927.635807 5927.635807 5927.635807 5927.635807 5927.635807
442.857410 442.857410 442.857410 442.857410 442.857410 442.857410 442.857410 442.857410 442.857410 442.857410 442.857410
248.476451 248.476451 248.476451 248.476451 248.476451 248.476451 248.476451 248.476451 248.476451 248.476451 248.476451
1147.088322 1147.088322 1147.088322 1147.088322 1147.088322 1147.088322 1147.088322 1147.088322 1147.088322 1147.088322 1147.088322
2781.932836 2781.932836 2781.932836 2781.932836 2781.932836 2781.932836 2781.932836 2781.932836 2781.932836 2781.932836 2781.932836
618.699932 618.699932 618.699932 618.699932 618.699932 618.699932 618.699932 618.699932 618.699932 618.699932 618.699932
1869.969474 1869.969474 1869.969474 1869.969474 1869.969474 1869.969474 1869.969474 1869.969474 1869.969474 1869.969474 1869.969474
7981.495859 7981.495859 7981.495859 7981.495859 7981.495859 7981.495859 7981.495859 7981.495859 7981.495859 7981.495859 7981.495859
763.171197 763.171197 763.171197 763.171197 763.171197 763.171197 763.171197 763.171197 763.171197 763.171197 763.171197
279.840950 279.840950 279.840950 279.840950 279.840950 279.840950 279.840950 279.840950 279.840950 279.840950 279.840950
854.265611 854.265611 854.265611 854.265611 854.265611 854.265611 854.265611 854.265611 854.265611 854.265611 854.265611
5927.635807 5927.635807 5927.635807 5927.635807 5927.635807 5927.635807 5927.635807 5927.635807 5927.635807 5927.635807 5927.635807
442.857410 442.857410 442.857410 442.857410 442.857410 442.857410 442.857410 442.857410 442.857410 442.857410 442.857410
248.476451 248.476451 248.476451 248.476451 248.476451 248.476451 248.476451 248.476451 248.476451 248.476451 248.476451
1147.088322 1147.088322 1147.088322 1147.088322 1147.088322 1147.088322 1147.088322 1147.088322 1147.088322 1147.088322 1147.088322
2781.932836 2781.932836 2781.932836 2781.932836 2781.932836 2781.932836 2781.932836 2781.932836 2781.932836 2781.932836 2781.932836
618.699932 618.699932 618.699932 618.699932 618.699932 618.699932 618.699932 618.699932 618.699932 618.699932 618.699932
1869.969474 1869.969474 1869.969474 1869.969474 1869.969474 1869.969474 1869.969474 1869.969474 1869.969474 1869.969474 1869.969474
7981.495859 7981.495859 7981.495859 7981.495859 7981.495859 7981.495859 7981.495859 7981.495859 7981.495859 7981.495859 7981.495859
gamma 0.01
T 100000
rho_col 2
Q_col 650
beta_col 1.15
c_col 1.8
rho_ent 2
Q_ent 650
beta_ent 1.15
c_ent 1.8
Q_hub 32000
ckm_hub 6.01
c_hub 0.0001878125
