11
-23.644394 -46.607620
-22.750052 -47.120005
-23.597864 -47.828039
-20.926223 -47.918504
-23.101739 -45.587754
-20.737378 -49.595726
-22.339869 -48.908021
-21.804929 -48.097036
-22.472971 -50.079129
-21.945174 -51.477336
-21.104963 -50.646651
0.000000 21150.152672 8325.653241 874.418812 7070.955759 177.167666 818.788504 805.558687 218.868948 39.658789 48.190335
21150.152672 0.000000 2701.514151 822.823949 1434.175568 157.568728 601.808213 741.431383 139.340378 26.218414 38.234474
8325.653241 2701.514151 0.000000 166.968474 305.238579 53.589464 298.012937 188.377473 95.295275 17.390851 18.047351
874.418812 822.823949 166.968474 0.000000 87.888998 299.471028 225.097903 431.994769 64.841584 19.731414 48.254839
7070.955759 1434.175568 305.238579 87.888998 0.000000 12.708864 43.226680 59.870682 10.141316 1.888135 2.813592
177.167666 157.568728 53.589464 299.471028 12.708864 0.000000 138.275028 106.075837 94.846611 55.990388 164.946697
818.788504 601.808213 298.012937 225.097903 43.226680 138.275028 0.000000 227.518630 175.394802 34.594903 46.741859
805.558687 741.431383 188.377473 431.994769 59.870682 106.075837 227.518630 0.000000 53.438966 12.249785 22.768479
218.868948 139.340378 95.295275 64.841584 10.141316 94.846611 175.394802 53.438966 0.000000 79.011494 64.924062
39.658789 26.218414 17.390851 19.731414 1.888135 55.990388 34.594903 12.249785 79.011494 0.000000 79.843583
48.190335 38.234474 18.047351 48.254839 2.813592 164.946697 46.741859 22.768479 64.924062 79.843583 0.000000
0.361963 0.986340 1.053281 2.200605 1.030391 2.840821 1.898336 1.780140 2.463490 3.326916 3.151622
1.006915 0.381376 1.042865 1.599738 1.281452 2.272545 1.434419 1.190812 2.080583 2.924631 2.647477
1.117326 1.085906 0.417922 2.088391 1.740179 2.477554 1.420038 1.549103 1.891088 2.760609 2.671949
2.646031 1.982834 2.446301 0.687316 2.705032 1.726343 1.797171 1.275824 2.354985 2.967985 2.367306
1.046429 1.277511 1.688041 2.277920 0.374786 3.109505 2.333618 2.023936 2.974328 3.826760 3.536735
3.444576 2.836772 2.989095 1.898824 3.694168 0.896098 1.991883 2.012467 2.034686 2.247802 1.561787
2.498646 1.896076 1.820883 1.884567 3.011565 1.914406 0.590961 1.298525 1.427658 2.441243 2.150406
2.255296 1.508957 1.888300 1.196476 2.528126 1.848880 1.217771 0.520843 1.996839 2.893069 2.389910
3.542922 3.015353 2.703191 2.845408 4.174711 2.249556 1.685338 2.378844 0.808592 1.932157 1.986860
6.486103 5.732294 5.338203 5.029301 7.317838 3.568982 3.878987 4.673615 2.771299 1.244764 2.491307
4.322419 3.682878 3.641767 2.852936 4.755219 1.726577 2.463843 2.793850 2.039315 1.796434 0.941938
0.361963 0.986340 1.053281 2.200605 1.030391 2.840821 1.898336 1.780140 2.463490 3.326916 3.151622
1.006915 0.381376 1.042865 1.599738 1.281452 2.272545 1.434419 1.190812 2.080583 2.924631 2.647477
1.117326 1.085906 0.417922 2.088391 1.740179 2.477554 1.420038 1.549103 1.891088 2.760609 2.671949
2.646031 1.982834 2.446301 0.687316 2.705032 1.726343 1.797171 1.275824 2.354985 2.967985 2.367306
1.046429 1.277511 1.688041 2.277920 0.374786 3.109505 2.333618 2.023936 2.974328 3.826760 3.536735
3.444576 2.836772 2.989095 1.898824 3.694168 0.896098 1.991883 2.012467 2.034686 2.247802 1.561787
2.498646 1.896076 1.820883 1.884567 3.011565 1.914406 0.590961 1.298525 1.427658 2.441243 2.150406
2.255296 1.508957 1.888300 1.196476 2.528126 1.848880 1.217771 0.520843 1.996839 2.893069 2.389910
3.542922 3.015353 2.703191 2.845408 4.174711 2.249556 1.685338 2.378844 0.808592 1.932157 1.986860
6.486103 5.732294 5.338203 5.029301 7.317838 3.568982 3.878987 4.673615 2.771299 1.244764 2.491307
4.322419 3.682878 3.641767 2.852936 4.755219 1.726577 2.463843 2.793850 2.039315 1.796434 0.941938
0.000000 13711.813044 15181.877440 40378.029884 14679.202504 54437.670093 33739.963451 31144.281291 46151.172313 65112.685767 61263.103022
9665.704277 0.000000 10221.208346 18825.908215 13907.800772 29221.993723 16271.415894 12507.244087 26255.832175 39297.900567 35015.364872
4728.781498 4516.347874 0.000000 11294.313645 8939.991508 13925.506472 6775.470209 7648.096591 9960.311772 15839.283392 15239.839952
3309.674581 2189.059095 2972.187801 0.000000 3409.369481 1755.662831 1875.341011 994.412374 2817.888840 3853.685836 2838.708048
3368.997296 4528.121182 6587.362164 9546.234546 0.000000 13717.510845 9825.616555 8272.233611 13039.455705 17315.307287 15860.522400
1784.841642 1359.162499 1465.842787 702.265132 1959.644406 0.000000 767.439363 781.855279 797.416652 946.673768 466.219365
2765.570775 1892.025104 1783.018476 1875.341011 3509.148770 1918.598409 0.000000 1025.756282 1212.959079 2682.354039 2260.726619
2552.809942 1454.330708 2012.656998 994.412374 2954.369147 1954.638198 1025.756282 0.000000 2172.407749 3491.501399 2750.939046
1513.153191 1221.201497 1048.453871 1127.155536 1862.779386 797.416652 485.183632 868.963100 0.000000 621.770633 652.043173
1067.421078 913.904664 833.646494 770.737167 1236.807663 473.336884 536.470808 698.300280 310.885316 0.000000 253.863720
1004.313164 814.310811 802.096840 567.741610 1132.894457 233.109683 452.145324 550.187809 326.021586 253.863720 0.000000
0.000000 13711.813044 15181.877440 40378.029884 14679.202504 54437.670093 33739.963451 31144.281291 46151.172313 65112.685767 61263.103022
9665.704277 0.000000 10221.208346 18825.908215 13907.800772 29221.993723 16271.415894 12507.244087 26255.832175 39297.900567 35015.364872
4728.781498 4516.347874 0.000000 11294.313645 8939.991508 13925.506472 6775.470209 7648.096591 9960.311772 15839.283392 15239.839952
3309.674581 2189.059095 2972.187801 0.000000 3409.369481 1755.662831 1875.341011 994.412374 2817.888840 3853.685836 2838.708048
3368.997296 4528.121182 6587.362164 9546.234546 0.000000 13717.510845 9825.616555 8272.233611 13039.455705 17315.307287 15860.522400
1784.841642 1359.162499 1465.842787 702.265132 1959.644406 0.000000 767.439363 781.855279 797.416652 946.673768 466.219365
2765.570775 1892.025104 1783.018476 1875.341011 3509.148770 1918.598409 0.000000 1025.756282 1212.959079 2682.354039 2260.726619
2552.809942 1454.330708 2012.656998 994.412374 2954.369147 1954.638198 1025.756282 0.000000 2172.407749 3491.501399 2750.939046
1513.153191 1221.201497 1048.453871 1127.155536 1862.779386 797.416652 485.183632 868.963100 0.000000 621.770633 652.043173
1067.421078 913.904664 833.646494 770.737167 1236.807663 473.336884 536.470808 698.300280 310.885316 0.000000 253.863720
1004.313164 814.310811 802.096840 567.741610 1132.894457 233.109683 452.145324 550.187809 326.021586 253.863720 0.000000
7948.992729 7948.992729 7948.992729 7948.992729 7948.992729 7948.992729 7948.992729 7948.992729 7948.992729 7948.992729 7948.992729
5892.955809 5892.955809 5892.955809 5892.955809 5892.955809 5892.955809 5892.955809 5892.955809 5892.955809 5892.955809 5892.955809
2825.635136 2825.635136 2825.635136 2825.635136 2825.635136 2825.635136 2825.635136 2825.635136 2825.635136 2825.635136 2825.635136
1161.370124 1161.370124 1161.370124 1161.370124 1161.370124 1161.370124 1161.370124 1161.370124 1161.370124 1161.370124 1161.370124
1879.950987 1879.950987 1879.950987 1879.950987 1879.950987 1879.950987 1879.950987 1879.950987 1879.950987 1879.950987 1879.950987
627.587212 627.587212 627.587212 627.587212 627.587212 627.587212 627.587212 627.587212 627.587212 627.587212 627.587212
856.715674 856.715674 856.715674 856.715674 856.715674 856.715674 856.715674 856.715674 856.715674 856.715674 856.715674
766.589985 766.589985 766.589985 766.589985 766.589985 766.589985 766.589985 766.589985 766.589985 766.589985 766.589985
447.467108 447.467108 447.467108 447.467108 447.467108 447.467108 447.467108 447.467108 447.467108 447.467108 447.467108
253.501644 253.501644 253.501644 253.501644 253.501644 253.501644 253.501644 253.501644 253.501644 253.501644 253.501644
279.842203 279.842203 279.842203 279.842203 279.842203 279.842203 279.842203 279.842203 279.842203 279.842203 279.842203
7948.992729 7948.992729 7948.992729 7948.992729 7948.992729 7948.992729 7948.992729 7948.992729 7948.992729 7948.992729 7948.992729
5892.955809 5892.955809 5892.955809 5892.955809 5892.955809 5892.955809 5892.955809 5892.955809 5892.955809 5892.955809 5892.955809
2825.635136 2825.635136 2825.635136 2825.635136 2825.635136 2825.635136 2825.635136 2825.635136 2825.635136 2825.635136 2825.635136
1161.370124 1161.370124 1161.370124 1161.370124 1161.370124 1161.370124 1161.370124 1161.370124 1161.370124 1161.370124 1161.370124
1879.950987 1879.950987 1879.950987 1879.950987 1879.950987 1879.950987 1879.950987 1879.950987 1879.950987 1879.950987 1879.950987
627.587212 627.587212 627.587212 627.587212 627.587212 627.587212 627.587212 627.587212 627.587212 627.587212 627.587212
856.715674 856.715674 856.715674 856.715674 856.715674 856.715674 856.715674 856.715674 856.715674 856.715674 856.715674
766.589985 766.589985 766.589985 766.589985 766.589985 766.589985 766.589985 766.589985 766.589985 766.589985 766.589985
447.467108 447.467108 447.467108 447.467108 447.467108 447.467108 447.467108 447.467108 447.467108 447.467108 447.467108
253.501644 253.501644 253.501644 253.501644 253.501644 253.501644 253.501644 253.501644 253.501644 253.501644 253.501644
279.842203 279.842203 279.842203 279.842203 279.842203 279.842203 279.842203 279.842203 279.842203 279.842203 279.842203
gamma 0.01
T 100000
rho_col 2
Q_col 650
beta_col 1.15
c_col 1.8
rho_ent 2
Q_ent 650
beta_ent 1.15
c_ent 1.8
Q_hub 32000
ckm_hub 6.01
c_hub 0.0001878125
